[[1.00000000e+00 2.00000000e-01]
 [1.00000000e+00 1.84818137e-01]
 [4.80000000e+01 2.12913514e-01]
 [4.80000000e+01 2.45859242e-01]
 [4.80000000e+01 3.30294997e-01]
 [4.90000000e+01 7.24583857e-01]
 [4.50000000e+01 5.70195695e-02]
 [4.80000000e+01 4.99452202e-02]
 [9.00000000e+00 2.32421414e-01]
 [4.90000000e+01 5.26153574e-01]
 [4.90000000e+01 7.09009124e-01]
 [4.90000000e+01 2.52059180e-01]
 [6.00000000e+00 6.15258618e-01]
 [4.90000000e+01 7.76000094e-01]
 [4.90000000e+01 7.96028663e-01]
 [4.90000000e+01 1.51241267e-01]
 [4.90000000e+01 1.85887933e-03]
 [4.90000000e+01 6.81097265e-01]
 [3.20000000e+01 3.80682176e-01]
 [4.90000000e+01 7.32518818e-01]
 [2.30000000e+01 7.46165939e-01]
 [3.50000000e+01 4.43277591e-01]
 [4.90000000e+01 7.68797921e-01]
 [1.00000000e+01 7.54564418e-02]
 [4.90000000e+01 6.05038034e-01]
 [4.90000000e+01 7.38967643e-01]
 [4.90000000e+01 7.99436559e-01]
 [4.90000000e+01 7.41726443e-01]
 [4.90000000e+01 7.18893869e-01]
 [4.90000000e+01 3.88067300e-01]
 [4.90000000e+01 6.63936710e-01]
 [1.80000000e+01 2.74641495e-01]
 [4.90000000e+01 6.27112145e-01]
 [4.90000000e+01 6.46898515e-01]
 [4.90000000e+01 7.90567180e-01]
 [4.90000000e+01 7.30138786e-01]
 [4.90000000e+01 7.48132011e-01]
 [4.90000000e+01 7.85227931e-01]
 [4.90000000e+01 7.57466010e-01]
 [4.90000000e+01 6.47524065e-01]
 [4.80000000e+01 6.45921764e-01]
 [4.90000000e+01 6.63316595e-01]
 [4.90000000e+01 6.06754083e-01]
 [4.90000000e+01 4.19770754e-01]
 [4.90000000e+01 7.83872479e-01]
 [4.90000000e+01 6.91688441e-01]
 [3.60000000e+01 3.36763034e-01]
 [4.90000000e+01 6.81642291e-01]
 [4.90000000e+01 6.52109616e-01]
 [4.90000000e+01 7.87927293e-01]
 [4.90000000e+01 7.85201414e-01]
 [4.90000000e+01 7.99981892e-01]
 [4.90000000e+01 6.70821201e-01]
 [4.90000000e+01 7.78539017e-01]
 [2.00000000e+00 5.60731223e-01]
 [4.80000000e+01 4.45941237e-01]
 [4.90000000e+01 1.73739222e-03]
 [3.90000000e+01 3.54106423e-01]
 [4.90000000e+01 4.57831071e-01]
 [5.00000000e+00 1.04694522e-01]
 [4.90000000e+01 4.41461197e-01]
 [4.80000000e+01 4.22652150e-01]
 [1.60000000e+01 7.18740254e-01]
 [7.00000000e+00 5.22790995e-01]
 [3.20000000e+01 7.96793827e-01]]
[2.18281618 2.1820973  3.74453222 3.95400496 3.75686274 3.48804463
 2.30408344 3.02604966 2.01979677 3.54288942 3.49530642 4.24071921
 2.07668652 3.46270487 3.37921955 4.24231358 2.44899692 3.64338939
 2.09545815 3.48284482 2.1114264  2.23809115 3.32843711 2.01956354
 3.71166052 3.47754386 3.37347155 3.47712614 3.61017449 3.98379947
 3.52879431 1.98948139 3.46425822 3.53701478 3.37741704 3.48441896
 3.47294587 3.38078566 3.46951666 3.53674114 3.43707291 3.5290123
 3.71642245 3.5868568  3.44839547 3.60502133 2.17583741 3.64256058
 3.53344118 3.44873605 3.38149096 3.44176894 3.52406625 3.45151689
 2.13188077 3.66983031 2.45247815 2.31908504 3.88784221 2.05117727
 3.70635196 3.68396906 2.06231764 2.05982504 2.38455044]
[49.          0.15124127]